				
				
2nd floor	SF	Deck	Bed	Bath
A	1,012		2	2
B	1,036		2	2
C	1,034		2	2
D	694		1	1
E	1,002		2	2
F	1,215		2	2
F-R	1,216		2	2
G	1,275		2	2
G-R	1,276		2	2
H	1,074		2	1
I	778		1	1
J	812		1	1
				
3rd floor	SF	Deck	Bed	Bath
A	1,012		2	2
B	1,036		2	2
C	1,034		2	2
D	694		1	1
E	1,002		2	2
F	1,215		2	2
F-R	1,216		2	2
G	1,275		2	2
G-R	1,276		2	2
H	1,074		2	1
I	778		1	1
J	812		1	1
K	1,353		2	2
L	1,233		2	2
L-R	1,222		2	2
M	1,289	138	2	2
M-R	1,284		2	2
N	942		2	2
				
4th Floor	SF	Deck	Bed	Bath
B	1,036		2	2
C	1,034		2	2
J	812		1	1
K	1,353		2	2
L	1,233		2	2
L-R	1,222		2	2
M	1,289		2	2
M-R	1,284		2	2
O	925	140	2	1
P	828	92	1	1
P-R	827	114	1	1
Q	850	119	1	1
QR	851	119	1	1
R	1,079	301	2	2
Z	1,137		2	2
				
5th Floor	SF	Deck	Bed	Bath
B	1,036		2	2
C	1,034		2	2
L	1,233		2	2
L-R	1,222		2	2
M	1,289		2	2
M-R	1,284		2	2
S	1,276	126	3	2
T	1,146	131	2	2
U	1,439	177	3	2
V	1,357	246	2	2
Z	1,137		2	2
				
				
				
				
				
				
				
				
				
				
				
				
				
				
				
				
				
				
				
				
				
				
				
				
				
				
				
				
				
